-3324,68973
-3324,69213
-3324,69233
-3324,69253
-3324,69263
-3324,69283
-3314,68913
-3314,69193
-3314,69203
-3314,69213
-3314,69223
-3314,69233
-3314,69243
-3304,69083
-3304,69103
-3304,69113
-3304,69153
-3304,69173
-3304,69203
-3304,69223
-3304,69233
-3304,69243
-3304,69253
-3304,69263
-3294,68953
-3294,68983
-3294,69083
-3294,69113
-3294,69143
-3294,69163
-3294,69173
-3294,69183
-3294,69223
-3294,69243
-3284,68883
-3284,68933
-3284,68953
-3284,68963
-3284,69073
-3284,69123
-3284,69143
-3284,69163
-3284,69173
-3284,69183
-3284,69223
-3274,68873
-3274,68903
-3274,69103
-3274,69173
-3264,69143
-3264,69153
-3264,69173
-3254,69113
-3254,69123
-3254,69133
-3254,69143
-3254,69153
-3254,69163
-3244,68853
-3244,69113
-3244,69123
-3244,69133
-3244,69173
-3244,69273
-3234,68853
-3234,69123
-3234,69143
-3234,69173
-3234,69243
-3234,69283
-3234,69293
-3234,69303
-3224,69123
-3224,69143
-3224,69153
-3224,69163
-3224,69233
-3214,69163
-3214,69253
-3214,69263
-3214,69313
-3204,69113
-3204,69173
-3204,69253
-3204,69263
-3194,69243
-3194,69253
-3184,69103
-3184,69143
-3184,69183
-3184,69293
-3174,69133
-3174,69193
-3174,69203
-3174,69293
-3164,69193
-3164,69233
-3164,69243
-3164,69253
-3154,69203
-3154,69213
-3154,69223
-3154,69233
-3154,69313
-3144,69203
-3144,69213
-3144,69223
-3144,69283
-3134,69033
-3134,69043
-3134,69053
-3134,69163
-3134,69203
-3134,69213
-3134,69223
-3124,69213
-3124,69233
-3114,69083
-3114,69103
-3114,69173
-3114,69183
-3114,69223
-3104,69063
-3104,69173
-3104,69183
-3104,69213
-3104,69223
-3094,69103
-3094,69243
-3084,69213
-3084,69223
-3084,69243
-3084,69683
-3084,69693
-3074,69083
-3074,69173
-3074,69183
-3074,69193
-3074,69203
-3074,69683
-3064,69173
-3064,69183
-3064,69553
-3064,69573
-3064,69593
-3054,69183
-3054,69203
-3054,69243
-3054,69263
-3054,69273
-3054,69283
-3054,69553
-3054,69573
-3054,69673
-3044,69163
-3044,69173
-3044,69183
-3044,69193
-3044,69593
-3044,69623
-3034,69143
-3034,69173
-3034,69453
-3024,69173
-3024,69183
-3024,69203
-3024,69253
-3024,69523
-3024,69603
-3024,69613
-3024,69723
-3014,69183
-3014,69223
-3014,69233
-3014,69243
-3014,69483
-3014,69503
-3014,69623
-3014,69633
-3014,69743
-3004,69233
-3004,69473
-3004,69483
-3004,69523
-3004,69533
-3004,69553
-3004,69593
-3004,69623
-3004,69643
-3004,69653
-3004,69723
-3004,69753
-2994,69223
-2994,69243
-2994,69503
-2994,69523
-2994,69533
-2994,69543
-2994,69563
-2994,69633
-2994,69643
-2994,69663
-2994,69743
-2984,69153
-2984,69223
-2984,69243
-2984,69513
-2984,69523
-2984,69533
-2984,69543
-2984,69573
-2984,69583
-2984,69623
-2984,69663
-2984,69703
-2974,69163
-2974,69243
-2974,69453
-2974,69553
-2974,69573
-2974,69593
-2974,69663
-2974,69673
-2974,69713
-2974,69723
-2974,69733
-2974,69743
-2974,69753
-2964,69163
-2964,69433
-2964,69453
-2964,69493
-2964,69503
-2964,69523
-2964,69553
-2964,69563
-2964,69653
-2964,69663
-2964,69673
-2964,69713
-2964,69723
-2964,69733
-2964,69743
-2954,69233
-2954,69463
-2954,69473
-2954,69483
-2954,69513
-2954,69653
-2954,69673
-2944,69193
-2944,69493
-2944,69523
-2944,69593
-2944,69653
-2944,69663
-2934,69193
-2934,69253
-2934,69453
-2934,69463
-2934,69473
-2934,69643
-2934,69653
-2934,69703
-2934,69713
-2934,69773
-2934,69783
-2924,69233
-2924,69283
-2924,69413
-2924,69453
-2924,69473
-2924,69703
-2924,69713
-2924,69763
-2924,69783
-2914,69203
-2914,69253
-2914,69263
-2914,69283
-2914,69293
-2914,69403
-2914,69413
-2914,69433
-2914,69443
-2914,69453
-2914,69713
-2914,69763
-2914,69783
-2904,69253
-2904,69263
-2904,69733
-2904,69753
-2904,69763
-2904,69773
-2894,68923
-2894,69183
-2894,69203
-2894,69243
-2894,69273
-2894,69433
-2894,69453
-2894,69723
-2894,69733
-2894,69763
-2884,69193
-2884,69443
-2884,69713
-2884,69723
-2884,69753
-2874,68943
-2874,69013
-2874,69183
-2874,69263
-2874,69413
-2874,69433
-2874,69753
-2864,68993
-2864,69253
-2864,69283
-2864,69553
-2854,69283
-2854,69403
-2854,69423
-2854,69433
-2854,69493
-2854,69513
-2854,69523
-2854,69533
-2854,69553
-2844,68873
-2844,69413
-2844,69423
-2844,69543
-2844,69563
-2844,69763
-2844,69783
-2834,68963
-2834,69273
-2834,69283
-2834,69423
-2834,69483
-2834,69543
-2834,69553
-2834,69563
-2834,69583
-2834,69773
-2834,69783
-2824,69033
-2824,69053
-2824,69223
-2824,69283
-2824,69423
-2824,69473
-2824,69563
-2824,69583
-2814,68833
-2814,68943
-2814,68963
-2814,68993
-2814,69303
-2814,69463
-2814,69473
-2814,69513
-2804,68863
-2804,68963
-2804,69223
-2804,69283
-2804,69433
-2804,69473
-2804,69483
-2804,69493
-2804,69573
-2804,69583
-2804,69603
-2804,69753
-2804,69763
-2804,69783
-2794,68843
-2794,68963
-2794,68973
-2794,68993
-2794,69333
-2794,69433
-2794,69443
-2794,69533
-2794,69603
-2794,69613
-2794,69783
-2784,68953
-2784,68963
-2784,69433
-2784,69453
-2784,69493
-2784,69523
-2784,69603
-2784,69773
-2774,68933
-2774,69283
-2774,69463
-2774,69473
-2774,69523
-2774,69533
-2774,69583
-2774,69593
-2774,69603
-2774,69783
-2764,68983
-2764,69023
-2764,69293
-2764,69333
-2764,69373
-2764,69523
-2764,69583
-2764,69603
-2754,69353
-2754,69363
-2754,69513
-2744,68953
-2744,68963
-2744,69333
-2744,69353
-2744,69363
-2744,69393
-2744,69503
-2744,69593
-2744,69603
-2734,68903
-2734,68913
-2734,69013
-2734,69053
-2734,69363
-2734,69373
-2734,69393
-2734,69493
-2734,69503
-2734,69523
-2734,69593
-2724,68863
-2724,69393
-2724,69413
-2724,69423
-2724,69433
-2724,69463
-2724,69483
-2724,69593
-2724,69603
-2714,68833
-2714,69443
-2714,69453
-2714,69493
-2714,69503
-2704,69043
-2704,69053
-2704,69333
-2704,69413
-2704,69453
-2704,69593
-2704,69603
-2704,69613
-2704,69623
-2704,69633
-2694,69043
-2694,69063
-2694,69383
-2694,69473
-2694,69613
-2694,69623
-2684,68863
-2684,69563
-2674,68843
-2664,68853
-2664,69063
-2664,69083
-2664,69573
-2664,69583
-2664,69613
-2654,69053
-2654,69143
-2654,69563
-2654,69613
-2654,69783
-2644,69573
-2644,69613
-2634,69543
-2624,68883
-2624,68923
-2624,69083
-2624,69143
-2624,69513
-2614,69523
-2604,69163
-2604,69473
-2604,69493
-2604,69523
-2604,69553
-2604,69593
-2594,69053
-2594,69073
-2594,69153
-2594,69243
-2594,69413
-2594,69453
-2594,69463
-2594,69493
-2594,69503
-2594,69513
-2584,69083
-2584,69153
-2584,69273
-2584,69383
-2584,69393
-2584,69423
-2584,69463
-2584,69563
-2574,68943
-2574,69173
-2574,69273
-2574,69313
-2574,69393
-2574,69473
-2564,69263
-2564,69413
-2564,69523
-2554,69333
-2554,69393
-2554,69763
-2554,69783
-2544,68853
-2534,69073
-2524,69243
-2514,69153
-2514,69783
-2504,68843
-2504,69343
-2494,68893
-2494,69173
-2464,69713
-2454,69703
-2434,69723
-2434,69733
-2434,69783
-2424,68853
-2424,69673
-2414,69653
-2384,69383
-2384,69423
-2384,69663
-2384,69703
-2384,69763
-2374,69693
-2374,69703
-2364,69403
-2364,69673
-2364,69703
-2364,69783
-2354,69333
-2354,69403
-2354,69563
-2344,69673
-2334,69333
-2334,69383
-2334,69503
-2334,69673
-2324,69403
-2324,69473
